,name,ul_la,ul_lo,ur_la,ur_lo,ll_la,ll_lo,lr_la,lr_lo
0,ch2_tmc_ndn_20210518T1656115474_d_oth_d18.zip,-78.490187,-51.091457,-76.917489,56.49283,-76.874334,-137.025277,-75.480837,131.360556
1,ch2_tmc_ndn_20191224T0436128888_d_oth_d18.zip,29.165668,-146.183037,29.165668,-145.553469,1.708896,-146.183037,1.708896,-145.553469
2,ch2_tmc_ndn_20200105T1902278938_d_oth_mad.zip,0.86723,46.673554,0.86723,47.660755,-26.105254,46.673554,-26.105254,47.660755
3,ch2_tmc_ndn_20220708T1711196157_d_oth_d32.zip,59.439271,45.192623,59.439271,46.694276,38.303316,45.192623,38.303316,46.694276
4,ch2_tmc_ndn_20220517T2258012964_d_oth_d18.zip,59.464436,8.430746,59.464436,10.010321,34.167741,8.430746,34.167741,10.010321
5,ch2_tmc_ndn_20211208T0946376123_d_oth_d32.zip,12.089347,143.839541,12.089347,145.127839,-59.937327,143.839541,-59.937327,145.127839
6,ch2_tmc_ndn_20211224T1749511513_d_oth_d18.zip,-35.573092,-72.940135,-35.573092,-71.250309,-59.871481,-72.940135,-59.871481,-71.250309
7,ch2_tmc_ndn_20220630T1008389740_d_oth_d32.zip,-0.176614,155.804742,-0.176614,156.769782,-26.792534,155.804742,-26.792534,156.769782
8,ch2_tmc_ndn_20211116T1329461965_d_oth_d18.zip,-80.308412,-5.042316,-61.583032,70.509235,-89.079431,-68.041185,-63.149912,89.278616
9,ch2_tmc_ndn_20211231T0132252884_d_oth_d18.zip,-2.650201,-154.247555,-2.650201,-152.945656,-59.922422,-154.247555,-59.922422,-152.945656
10,ch2_tmc_ndn_20220712T1754088924_d_oth_d32.zip,59.355054,-7.226335,59.355054,-5.466108,18.202328,-7.226335,18.202328,-5.466108
11,ch2_tmc_ndn_20220125T0135473485_d_oth_d18.zip,-66.031051,-93.197572,-88.242321,-140.50188,-60.951519,-125.094364,-73.025642,-176.250458
12,ch2_tmc_ndn_20220730T0627073220_d_oth_d32.zip,28.366598,121.553913,28.366598,122.673576,-27.729377,121.553913,-27.729377,122.673576
13,ch2_tmc_ndn_20210601T0716026044_d_oth_hw1.zip,-39.556606,-49.487342,-39.556606,-48.033175,-59.512679,-49.487342,-59.512679,-48.033175
14,ch2_tmc_ndn_20200714T0555291513_d_oth_d18.zip,-30.332909,-123.437588,-30.332909,-121.52663,-58.978166,-123.437588,-58.978166,-121.52663
15,ch2_tmc_ndn_20191230T0934252172_d_oth_d18.zip,28.629455,131.694628,28.629455,132.523946,1.646846,131.694628,1.646846,132.523946
16,ch2_tmc_ndn_20200607T1446398956_d_oth_d18.zip,59.841013,-1.433285,59.841013,-0.025413,31.018153,-1.433285,31.018153,-0.025413
17,ch2_tmc_ndn_20220518T2239379187_d_oth_d18.zip,29.26855,-4.840015,29.26855,-3.900623,14.067417,-4.840015,14.067417,-3.900623
18,ch2_tmc_ndn_20210517T1310144506_d_oth_d18.zip,-85.559105,147.817532,-71.257355,101.471398,-64.024362,174.861217,-58.608963,144.847128
19,ch2_tmc_ndn_20220107T1127582478_d_oth_d32.zip,27.215381,106.358316,27.215381,108.716195,-59.599841,106.358316,-59.599841,108.716195
20,ch2_tmc_ndn_20220802T0530199469_d_oth_d18.zip,28.305154,82.168488,28.305154,83.391076,3.2501,82.168488,3.2501,83.391076
21,ch2_tmc_ndn_20200619T0229205016_d_oth_d18.zip,60.40473,-153.595897,60.40473,-152.017592,31.897493,-153.595897,31.897493,-152.017592
22,ch2_tmc_ndn_20211227T0258106296_d_oth_d18.zip,-2.896759,-104.624161,-2.896759,-102.35545,-60.198965,-104.624161,-60.198965,-102.35545
23,ch2_tmc_ndn_20201122T1527272327_d_oth_d18.zip,29.255695,123.969547,29.255695,124.917378,0.023371,123.969547,0.023371,124.917378
24,ch2_tmc_ndn_20200726T1253267462_d_oth_d18.zip,-30.869741,74.365993,-30.869741,76.663289,-59.240542,74.365993,-59.240542,76.663289
25,ch2_tmc_ndn_20220630T0810136805_d_oth_d32.zip,-0.259895,156.290872,-0.259895,157.211551,-16.142577,156.290872,-16.142577,157.211551
26,ch2_tmc_ndn_20220711T1227442798_d_oth_d32.zip,29.332932,9.103573,29.332932,10.388305,-11.890978,9.103573,-11.890978,10.388305
27,ch2_tmc_ndn_20220610T1003029246_d_oth_d32.zip,-0.131256,58.773187,-0.131256,59.964766,-41.615451,58.773187,-41.615451,59.964766
28,ch2_tmc_ndn_20210530T0518594829_d_oth_hw1.zip,-37.314779,-22.815282,-37.314779,-21.548371,-56.574073,-22.815282,-56.574073,-21.548371
29,ch2_tmc_ndn_20220725T0012206778_d_oth_d32.zip,19.274988,-169.946855,19.274988,-168.856247,-6.821562,-169.946855,-6.821562,-168.856247
30,ch2_tmc_ndn_20220603T1155168900_d_oth_d32.zip,59.694087,149.768573,59.694087,151.679086,-26.603732,149.768573,-26.603732,151.679086
31,ch2_tmc_ndn_20220702T1110076818_d_oth_d32.zip,57.60544,128.724845,57.60544,130.193449,33.042481,128.724845,33.042481,130.193449
32,ch2_tmc_ndn_20220607T1500572018_d_oth_d32.zip,29.652417,95.033753,29.652417,97.420473,-56.946063,95.033753,-56.946063,97.420473
33,ch2_tmc_ndn_20220618T2040278173_d_oth_d32.zip,-10.072743,-52.335061,-10.072743,-51.27249,-51.919529,-52.335061,-51.919529,-51.27249
34,ch2_tmc_ndn_20220714T1527503258_d_oth_d32.zip,29.33687,-31.696334,29.33687,-30.450829,3.152319,-31.696334,3.152319,-30.450829
35,ch2_tmc_ndn_20220731T0806391778_d_oth_d18.zip,20.681135,107.409145,20.681135,108.387151,-0.31876,107.409145,-0.31876,108.387151
36,ch2_tmc_ndn_20200801T1621579887_d_oth_d18.zip,-30.756348,-6.947875,-30.756348,-5.575507,-59.258967,-6.947875,-59.258967,-5.575507
37,ch2_tmc_ndn_20200801T1028007908_d_oth_d18.zip,-30.717836,-3.648047,-30.717836,-2.250203,-59.219141,-3.648047,-59.219141,-2.250203
38,ch2_tmc_ndn_20210521T1103414600_d_oth_d18.zip,-85.276814,101.109435,-59.45672,91.668549,-84.408021,124.042404,-59.323186,95.723139
39,ch2_tmc_ndn_20211205T0714574930_d_oth_d18.zip,59.338126,-175.260381,59.338126,-173.967451,1.253266,-175.260381,1.253266,-173.967451
40,ch2_tmc_ndn_20211225T1926394313_d_oth_d18.zip,-35.778094,-87.29419,-35.778094,-85.447071,-59.986996,-87.29419,-59.986996,-85.447071
41,ch2_tmc_ndn_20211124T1644053407_d_oth_d18.zip,-31.75083,-35.372433,-31.75083,-33.873032,-59.412207,-35.372433,-59.412207,-33.873032
42,ch2_tmc_ndn_20201127T1349121558_d_oth_d32.zip,28.536702,58.305507,28.536702,59.804654,-28.438411,58.305507,-28.438411,59.804654
43,ch2_tmc_ndn_20220602T0610114617_d_oth_d32.zip,59.670966,166.034748,59.670966,167.982089,-26.591835,166.034748,-26.591835,167.982089
44,ch2_tmc_ndn_20191130T1326533236_d_oth_d18.zip,27.881772,164.950669,27.881772,165.614179,1.060286,164.950669,1.060286,165.614179
45,ch2_tmc_ndn_20200620T0405094886_d_oth_d18.zip,60.789128,-167.31238,60.789128,-165.835591,34.511625,-167.31238,34.511625,-165.835591
46,ch2_tmc_ndn_20211112T1307476929_d_oth_d18.zip,-89.025774,0.350067,-66.30289,87.676829,-73.434523,179.979553,-61.360903,124.782728
47,ch2_tmc_ndn_20211212T1227266196_d_oth_d32.zip,-2.577132,89.630828,-2.577132,90.683026,-29.720066,89.630828,-29.720066,90.683026
48,ch2_tmc_ndn_20220604T0546183777_d_oth_d32.zip,59.950616,139.949343,59.950616,141.579823,-26.464764,139.949343,-26.464764,141.579823
49,ch2_tmc_ndn_20210514T1604078106_d_oth_hw1.zip,-82.169032,-172.893871,-82.228675,-179.47307,-78.400955,-175.217848,-78.440845,-179.64639
50,ch2_tmc_ndn_20191203T1406528783_d_oth_d18.zip,28.483015,125.246256,28.483015,126.250779,1.624671,125.246256,1.624671,126.250779
51,ch2_tmc_ndn_20201117T0941201916_d_oth_d18.zip,29.885787,-166.893625,29.885787,-166.197655,0.435142,-166.893625,0.435142,-166.197655
52,ch2_tmc_ndn_20211226T0329181142_d_oth_d18.zip,27.238068,-90.356298,27.238068,-88.898541,-30.118967,-90.356298,-30.118967,-88.898541
53,ch2_tmc_ndn_20220519T2003439820_d_oth_d18.zip,59.207421,-16.801893,59.207421,-15.239372,33.802193,-16.801893,33.802193,-15.239372
54,ch2_tmc_ndn_20211229T0215298898_d_oth_d18.zip,-2.678285,-129.808537,-2.678285,-128.042434,-59.90894,-129.808537,-59.90894,-128.042434
55,ch2_tmc_ndn_20210601T0723309745_d_oth_hw1.zip,-58.194469,-53.494501,-68.980722,-24.023438,-63.276326,-74.57692,-78.756057,-50.094266
56,ch2_tmc_ndn_20220705T0815097356_d_oth_d32.zip,59.384018,89.745449,59.384018,91.285492,33.038546,89.745449,33.038546,91.285492
57,ch2_tmc_ndn_20220111T1128205233_d_oth_d32.zip,-72.010179,-13.587972,-60.569176,54.125587,-85.095955,-119.735702,-65.859374,95.701987
58,ch2_tmc_ndn_20191126T0920267251_d_oth_d18.zip,27.928966,-139.653121,27.928966,-138.925121,0.784044,-139.653121,0.784044,-138.925121
59,ch2_tmc_ndn_20210514T0803114100_d_oth_d18.zip,-84.133721,-133.968949,-85.921338,-177.434791,-59.400049,-172.249422,-59.666397,-179.662987
60,ch2_tmc_ndn_20210512T1417374849_d_oth_hw1.zip,-16.431762,-150.515696,-16.431762,-149.632373,-26.880154,-150.515696,-26.880154,-149.632373
61,ch2_tmc_ndn_20210513T1401073872_d_oth_hw1.zip,-16.415396,-163.608036,-16.415396,-162.73274,-22.343724,-163.608036,-22.343724,-162.73274
62,ch2_tmc_ndn_20220630T0214571960_d_oth_d32.zip,-0.233115,159.450069,-0.233115,160.462719,-26.714847,159.450069,-26.714847,160.462719
63,ch2_tmc_ndn_20220621T2104175845_d_oth_d32.zip,59.749826,-93.496076,59.749826,-91.545718,23.30707,-93.496076,23.30707,-91.545718
64,ch2_tmc_ndn_20210523T2308228364_d_oth_hw1.zip,-53.271582,60.647894,-53.271582,62.254092,-57.130559,60.647894,-57.130559,62.254092
65,ch2_tmc_ndn_20210720T2333035757_d_oth_d32.zip,5.357902,15.045492,5.357902,15.976332,-17.140818,15.045492,-17.140818,15.976332
66,ch2_tmc_ndn_20200723T1009171225_d_oth_d18.zip,-30.494587,115.395977,-30.494587,117.421779,-58.912899,115.395977,-58.912899,117.421779
67,ch2_tmc_ndn_20200803T1731019356_d_oth_d18.zip,-30.308663,-34.028858,-30.308663,-32.741473,-59.052069,-34.028858,-59.052069,-32.741473
68,ch2_tmc_ndn_20220621T2302203383_d_oth_d32.zip,59.684153,-94.565327,59.684153,-92.620863,23.275496,-94.565327,23.275496,-92.620863
69,ch2_tmc_ndn_20220722T0106188066_d_oth_d32.zip,29.222391,-129.302921,29.222391,-128.263426,3.450431,-129.302921,3.450431,-128.263426
70,ch2_tmc_ndn_20200722T0637288772_d_oth_d32.zip,-30.841651,130.44315,-30.841651,132.060895,-59.315088,130.44315,-59.315088,132.060895
71,ch2_tmc_ndn_20211113T0855227665_d_oth_d18.zip,-89.025207,0.144128,-63.401437,87.93681,-78.164971,179.98817,-61.067246,113.69682
72,ch2_tmc_ndn_20220627T0119152606_d_oth_d32.zip,-0.37092,-161.055212,-0.37092,-159.996898,-26.991642,-161.055212,-26.991642,-159.996898
73,ch2_tmc_ndn_20220623T2235048820_d_oth_d32.zip,-0.55756,-119.861069,-0.55756,-118.957403,-27.096377,-119.861069,-27.096377,-118.957403
74,ch2_tmc_ndn_20220718T1957202102_d_oth_d18.zip,59.520854,-88.694398,59.520854,-86.782805,34.672226,-88.694398,34.672226,-86.782805
75,ch2_tmc_ndn_20200729T1536521671_d_oth_d18.zip,-30.336541,33.333132,-30.336541,34.835668,-58.718131,33.333132,-58.718131,34.835668
76,ch2_tmc_ndn_20211214T1333204781_d_oth_d32.zip,-32.616176,61.722499,-32.616176,63.243843,-59.982761,61.722499,-59.982761,63.243843
77,ch2_tmc_ndn_20200724T0351171314_d_oth_d18.zip,-30.463649,105.686538,-30.463649,107.856626,-58.933615,105.686538,-58.933615,107.856626
78,ch2_tmc_ndn_20200720T0726007861_d_oth_d18.zip,-30.572159,155.906175,-30.572159,157.430507,-58.941436,155.906175,-58.941436,157.430507
79,ch2_tmc_ndn_20220101T0506523847_d_oth_d18.zip,-2.867305,-169.3252,-2.867305,-167.788768,-60.164541,-169.3252,-60.164541,-167.788768
80,ch2_tmc_ndn_20191206T0122222471_d_oth_gds.zip,27.309969,92.935548,27.309969,93.990696,9.377295,92.935548,9.377295,93.990696
81,ch2_tmc_ndn_20200713T0420029521_d_oth_d18.zip,-26.412316,-109.183013,-26.412316,-107.306855,-55.030666,-109.183013,-55.030666,-107.306855
82,ch2_tmc_ndn_20211230T0550281888_d_oth_d18.zip,-2.596332,-144.08484,-2.596332,-142.782068,-59.914473,-144.08484,-59.914473,-142.782068
83,ch2_tmc_ndn_20220728T0506565399_d_oth_d32.zip,28.394309,148.714578,28.394309,150.140115,-27.680741,148.714578,-27.680741,150.140115
84,ch2_tmc_ndn_20220725T0355416323_d_oth_d32.zip,59.242072,-171.686995,59.242072,-169.368935,-26.741363,-171.686995,-26.741363,-169.368935
85,ch2_tmc_ndn_20220518T2245448343_d_oth_d18.zip,10.892681,-4.89351,10.892681,-4.091341,4.998066,-4.89351,4.998066,-4.091341
86,ch2_tmc_ndn_20220531T0458002752_d_oth_d32.zip,-9.808681,-166.533721,-9.808681,-165.473462,-36.014471,-166.533721,-36.014471,-165.473462
87,ch2_tmc_ndn_20210519T0657397427_d_oth_d18.zip,-82.476569,125.92355,-63.481234,99.425061,-71.480093,160.936363,-58.827,123.545091
88,ch2_tmc_ndn_20211217T1237403967_d_oth_d32.zip,-17.652315,23.673667,-17.652315,24.375914,-32.530314,23.673667,-32.530314,24.375914
89,ch2_tmc_ndn_20220601T0244017518_d_oth_d32.zip,-0.628354,-178.990014,-0.628354,-177.977908,-25.836365,-178.990014,-25.836365,-177.977908
90,ch2_tmc_ndn_20200608T1622389722_d_oth_d18.zip,59.957974,-15.757675,59.957974,-14.307096,31.169742,-15.757675,31.169742,-14.307096
91,ch2_tmc_ndn_20220716T2233222974_d_oth_d18.zip,59.405773,-63.33342,59.405773,-61.750623,42.161736,-63.33342,42.161736,-61.750623
92,ch2_tmc_ndn_20220707T1729565940_d_oth_d32.zip,59.508982,56.499506,59.508982,58.353021,47.540309,56.499506,47.540309,58.353021
93,ch2_tmc_ndn_20191229T0015253876_d_oth_d18.zip,29.958081,149.674904,29.958081,150.441694,2.921697,149.674904,2.921697,150.441694
94,ch2_tmc_ndn_20220605T0539347191_d_oth_d32.zip,44.53519,125.863328,44.53519,127.037219,33.562326,125.863328,33.562326,127.037219
95,ch2_tmc_ndn_20220601T0820436887_d_oth_d32.zip,60.355807,177.860963,60.355807,179.686709,-19.067132,177.860963,-19.067132,179.686709
96,ch2_tmc_ndn_20200108T0600101701_d_oth_gds.zip,2.950477,14.453172,2.950477,15.19043,-24.139145,14.453172,-24.139145,15.19043
97,ch2_tmc_ndn_20200712T0048166620_d_oth_d18.zip,-27.723635,-93.803771,-27.723635,-91.80287,-56.413271,-93.803771,-56.413271,-91.80287
98,ch2_tmc_ndn_20210515T0350274731_d_oth_d18.zip,-78.21782,178.636862,-78.024878,169.576375,-61.585365,179.444298,-61.510068,175.711859
99,ch2_tmc_ndn_20211227T2240229331_d_oth_d18.zip,-2.890206,-115.147925,-2.890206,-113.156651,-60.303055,-115.147925,-60.303055,-113.156651
100,ch2_tmc_ndn_20200629T0642409607_d_oth_d18.zip,60.145577,70.929227,60.145577,73.305224,31.688211,70.929227,31.688211,73.305224
101,ch2_tmc_ndn_20220705T1212032165_d_oth_d32.zip,59.327002,85.132542,59.327002,87.539127,33.14375,85.132542,33.14375,87.539127
102,ch2_tmc_ndn_20220518T1834222416_d_oth_d18.zip,59.434874,-2.566369,59.434874,-1.091258,32.963677,-2.566369,32.963677,-1.091258
103,ch2_tmc_ndn_20220517T2100236594_d_oth_d18.zip,59.504708,9.516069,59.504708,11.117158,33.650262,9.516069,33.650262,11.117158
104,ch2_tmc_ndn_20191226T0338483816_d_oth_d18.zip,29.377822,-172.101612,29.377822,-171.470643,2.178611,-172.101612,2.178611,-171.470643
105,ch2_tmc_ndn_20200618T2233035392_d_oth_d18.zip,60.335327,-151.525181,60.335327,-149.94475,34.002102,-151.525181,34.002102,-149.94475
106,ch2_tmc_ndn_20211214T1729454222_d_oth_d32.zip,-17.58166,59.598388,-17.58166,61.249565,-60.019279,59.598388,-60.019279,61.249565
107,ch2_tmc_ndn_20200728T1205129291_d_oth_d18.zip,-30.814739,48.56234,-30.814739,50.524752,-59.084383,48.56234,-59.084383,50.524752
108,ch2_tmc_ndn_20191128T0431218394_d_oth_d18.zip,27.795696,-163.430557,27.795696,-162.801302,0.676611,-163.430557,0.676611,-162.801302
109,ch2_tmc_ndn_20191201T0311138983_d_oth_d18.zip,27.856315,157.305615,27.856315,158.002129,1.133227,157.305615,1.133227,158.002129
110,ch2_tmc_ndn_20220629T0630428169_d_oth_d32.zip,-0.320283,170.828877,-0.320283,171.775817,-26.526114,170.828877,-26.526114,171.775817
111,ch2_tmc_ndn_20200723T0415158493_d_oth_d18.zip,-30.363083,118.63633,-30.363083,120.554402,-58.873888,118.63633,-58.873888,120.554402
112,ch2_tmc_ndn_20200724T1143164279_d_oth_d18.zip,-30.590839,101.36991,-30.590839,103.573373,-58.981955,101.36991,-58.981955,103.573373
113,ch2_tmc_ndn_20210517T1508532205_d_oth_d18.zip,-81.559694,145.642811,-70.016242,110.231524,-63.98468,169.611507,-58.603779,143.959112
114,ch2_tmc_ndn_20200723T1207169437_d_oth_d18.zip,-30.444851,114.328415,-30.444851,116.372351,-58.902853,114.328415,-58.902853,116.372351
115,ch2_tmc_ndn_20220708T1115585981_d_oth_d32.zip,59.436219,48.295404,59.436219,49.814749,39.619988,48.295404,39.619988,49.814749
116,ch2_tmc_ndn_20191201T0113193307_d_oth_g26.zip,27.901934,158.392696,27.901934,159.085006,0.655262,158.392696,0.655262,159.085006
117,ch2_tmc_ndn_20200720T0923576897_d_oth_d18.zip,-30.503912,154.766952,-30.503912,156.290097,-58.903581,154.766952,-58.903581,156.290097
118,ch2_tmc_ndn_20220723T0507548136_d_oth_d32.zip,-40.594883,-145.962235,-40.594883,-144.572306,-56.87667,-145.962235,-56.87667,-144.572306
119,ch2_tmc_ndn_20220707T0956149656_d_oth_d32.zip,-0.757727,63.583479,-0.757727,64.737925,-26.459868,63.583479,-26.459868,64.737925
120,ch2_tmc_ndn_20220721T2129474661_d_oth_d32.zip,-30.632835,-127.710382,-30.632835,-126.346483,-56.892944,-127.710382,-56.892944,-126.346483
121,ch2_tmc_ndn_20220622T2040406290_d_oth_d32.zip,59.483075,-106.407293,59.483075,-104.032352,-27.005557,-106.407293,-27.005557,-104.032352
122,ch2_tmc_ndn_20200618T0449412238_d_oth_d18.zip,60.03587,-142.205879,60.03587,-140.404234,32.292668,-142.205879,32.292668,-140.404234
123,ch2_tmc_ndn_20200703T1535031622_d_oth_d18.zip,-26.720091,15.947836,-26.720091,16.957173,-38.123512,15.947836,-38.123512,16.957173
124,ch2_tmc_ndn_20200622T0717449080_d_oth_d18.zip,59.988501,164.846186,59.988501,166.26254,31.134892,164.846186,31.134892,166.26254
125,ch2_tmc_ndn_20200609T1600218929_d_oth_d18.zip,60.14378,-28.770869,60.14378,-27.288621,31.351993,-28.770869,31.351993,-27.288621
126,ch2_tmc_ndn_20220630T0611492792_d_oth_d32.zip,-0.311454,156.62857,-0.311454,157.753204,-26.828756,156.62857,-26.828756,157.753204
127,ch2_tmc_ndn_20200720T0330044364_d_oth_d18.zip,-30.558931,158.052508,-30.558931,159.575966,-58.888052,158.052508,-58.888052,159.575966
128,ch2_tmc_ndn_20200722T0835285527_d_oth_d32.zip,-30.83582,129.372365,-30.83582,131.033169,-59.381986,129.372365,-59.381986,131.033169
129,ch2_tmc_ndn_20191128T1222225951_d_oth_cnb.zip,27.61948,-167.726125,27.61948,-167.089056,0.640212,-167.726125,0.640212,-167.089056
130,ch2_tmc_ndn_20220607T1253065114_d_oth_d32.zip,59.683092,95.072518,59.683092,97.542792,-26.889166,95.072518,-26.889166,97.542792
131,ch2_tmc_ndn_20220625T0009146829_d_oth_d32.zip,-0.366674,-133.898082,-0.366674,-132.700708,-26.889213,-133.898082,-26.889213,-132.700708
132,ch2_tmc_ndn_20191129T0206488221_d_oth_cnb.zip,27.752049,-175.272844,27.752049,-174.64077,0.776555,-175.272844,0.776555,-174.64077
133,ch2_tmc_ndn_20220110T0956254489_d_oth_d32.zip,-78.454566,-6.91862,-60.272415,67.772548,-88.174578,-130.150435,-62.37223,92.395332
134,ch2_tmc_ndn_20200711T0311148894_d_oth_d18.zip,-30.530346,-81.988347,-30.530346,-79.774902,-59.398686,-81.988347,-59.398686,-79.774902
135,ch2_tmc_ndn_20191226T0931403907_d_oth_g26.zip,29.45541,-175.338719,29.45541,-174.721267,2.185685,-175.338719,2.185685,-174.721267
136,ch2_tmc_ndn_20220625T2345282084_d_oth_d32.zip,-0.407276,-146.851724,-0.407276,-145.926759,-27.023547,-146.851724,-27.023547,-145.926759
137,ch2_tmc_ndn_20211116T1924288577_d_oth_d18.zip,-78.232512,-5.41332,-59.945507,67.523313,-88.870825,-80.578871,-62.137393,89.627269
138,ch2_tmc_ndn_20200723T0811164414_d_oth_d18.zip,-30.41844,116.489494,-30.41844,118.464374,-58.976662,116.489494,-58.976662,118.464374
139,ch2_tmc_ndn_20211201T0246136802_d_oth_d18.zip,37.847993,-119.734587,37.847993,-118.694094,0.992925,-119.734587,0.992925,-118.694094
140,ch2_tmc_ndn_20200629T1039007613_d_oth_d18.zip,60.205146,68.80144,60.205146,71.154959,31.643954,68.80144,31.643954,71.154959
141,ch2_tmc_ndn_20191224T1029534867_d_oth_m65.zip,13.861057,-149.374908,13.861057,-148.870676,4.307224,-149.374908,4.307224,-148.870676
142,ch2_tmc_ndn_20200719T0156372566_d_oth_d32.zip,-31.007634,172.096832,-31.007634,173.594392,-59.353381,172.096832,-59.353381,173.594392
143,ch2_tmc_ndn_20210515T1539394551_d_oth_hw1.zip,-53.33034,169.308435,-53.33034,170.822002,-58.696523,169.308435,-58.696523,170.822002
144,ch2_tmc_ndn_20200710T2117095644_d_oth_d18.zip,-30.462087,-78.769803,-30.462087,-76.621195,-59.304873,-78.769803,-59.304873,-76.621195
145,ch2_tmc_ndn_20201119T1246555120_d_oth_d18.zip,29.278889,164.684302,29.278889,165.382728,0.062387,164.684302,0.062387,165.382728
146,ch2_tmc_ndn_20220712T1417205778_d_oth_d32.zip,-0.637342,-5.527905,-0.637342,-4.262864,-41.993067,-5.527905,-41.993067,-4.262864
147,ch2_tmc_ndn_20220101T0110303578_d_oth_d18.zip,-2.801018,-167.158838,-2.801018,-165.688956,-60.160579,-167.158838,-60.160579,-165.688956
148,ch2_tmc_ndn_20220109T1615439830_d_oth_d32.zip,-83.122489,-11.414775,-60.388134,77.118588,-88.227997,-129.738095,-61.081963,92.198255
149,ch2_tmc_ndn_20220610T1745099743_d_oth_d32.zip,30.016667,54.332492,30.016667,55.285708,0.96062,54.332492,0.96062,55.285708
150,ch2_tmc_ndn_20220620T0006088200_d_oth_d32.zip,9.924086,-67.325838,9.924086,-66.184649,-36.66852,-67.325838,-36.66852,-66.184649
151,ch2_tmc_ndn_20220104T0402056549_d_oth_d18.zip,-2.804812,151.207693,-2.804812,152.448662,-60.122378,151.207693,-60.122378,152.448662
152,ch2_tmc_ndn_20191225T0407322824_d_oth_d18.zip,29.259605,-159.162371,29.259605,-158.576373,1.86227,-159.162371,1.86227,-158.576373
153,ch2_tmc_ndn_20220609T1024238513_d_oth_d32.zip,8.023344,71.556182,8.023344,72.638251,-26.039749,71.556182,-26.039749,72.638251
154,ch2_tmc_ndn_20220704T1230397186_d_oth_d32.zip,59.460131,100.736262,59.460131,102.265309,33.031259,100.736262,33.031259,102.265309
155,ch2_tmc_ndn_20200724T1341163667_d_oth_d18.zip,-30.625983,100.294526,-30.625983,102.521307,-59.024081,100.294526,-59.024081,102.521307
156,ch2_tmc_ndn_20211219T1607373360_d_oth_d32.zip,57.265452,-4.807859,57.265452,-3.677859,20.111329,-4.807859,20.111329,-3.677859
157,ch2_tmc_ndn_20200625T0809314916_d_oth_d18.zip,60.540564,123.759213,60.540564,125.606045,31.82379,123.759213,31.82379,125.606045
158,ch2_tmc_ndn_20220629T0809114918_d_oth_d32.zip,59.907626,169.136594,59.907626,171.030474,-19.812539,169.136594,-19.812539,171.030474
159,ch2_tmc_ndn_20220102T0841479394_d_oth_d18.zip,-2.694817,175.142595,-2.694817,176.375305,-60.050444,175.142595,-60.050444,176.375305
160,ch2_tmc_ndn_20210524T1512098273_d_oth_d18.zip,-69.777001,15.073704,-58.5286,52.314059,-84.051067,63.173676,-64.729974,83.993655
161,ch2_tmc_ndn_20220529T0518515977_d_oth_d18.zip,-0.331579,-140.990594,-0.331579,-139.557804,-56.538541,-140.990594,-56.538541,-139.557804
162,ch2_tmc_ndn_20220603T1155167897_d_oth_d32.zip,59.653268,149.836343,59.653268,151.677866,-20.1172,149.836343,-20.1172,151.677866
163,ch2_tmc_ndn_20220630T0413216949_d_oth_d32.zip,-0.180566,158.388459,-0.180566,159.404257,-26.757602,158.388459,-26.757602,159.404257
164,ch2_tmc_ndn_20220628T0857539252_d_oth_d32.zip,-30.588418,-179.985733,-30.588418,-178.060383,-56.904158,-179.985733,-56.904158,-178.060383
165,ch2_tmc_ndn_20200724T0945157336_d_oth_d18.zip,-30.496399,102.439557,-30.496399,104.623707,-58.985599,102.439557,-58.985599,104.623707
166,ch2_tmc_ndn_20200722T0439298494_d_oth_d32.zip,-30.88367,131.456005,-30.88367,133.085809,-59.414099,131.456005,-59.414099,133.085809
167,ch2_tmc_ndn_20211124T0058239617_d_oth_d18.zip,-52.232723,-26.502572,-52.232723,-25.012426,-59.587597,-26.502572,-59.587597,-25.012426
168,ch2_tmc_ndn_20220703T1050539240_d_oth_d32.zip,59.346263,112.77042,59.346263,114.880807,32.952089,112.77042,32.952089,114.880807
169,ch2_tmc_ndn_20201126T1610528086_d_oth_d32.zip,28.401633,70.179763,28.401633,71.908932,-28.499537,70.179763,-28.499537,71.908932
170,ch2_tmc_ndn_20210516T0532068398_d_oth_d18.zip,-81.780326,164.715451,-77.382325,128.826401,-60.415878,175.884874,-59.020799,161.885362
171,ch2_tmc_ndn_20200619T0625382796_d_oth_d18.zip,60.464052,-155.656408,60.464052,-154.099468,31.866764,-155.656408,31.866764,-154.099468
172,ch2_tmc_ndn_20200627T0527573150_d_oth_d18.zip,60.078505,97.643451,60.078505,100.284264,31.501263,97.643451,31.501263,100.284264
173,ch2_tmc_ndn_20211206T0653331982_d_oth_d18.zip,57.688607,171.656942,57.688607,172.849791,1.415942,171.656942,1.415942,172.849791
174,ch2_tmc_ndn_20191224T1029534900_d_oth_m65.zip,29.299751,-149.380595,29.299751,-148.80922,4.293418,-149.380595,4.293418,-148.80922
175,ch2_tmc_ndn_20200608T2023424886_d_oth_d18.zip,45.544137,-17.647112,45.544137,-16.59853,31.210712,-17.647112,31.210712,-16.59853
176,ch2_tmc_ndn_20220603T0601364611_d_oth_d32.zip,49.720313,153.033819,49.720313,154.698011,-26.586861,153.033819,-26.586861,154.698011
177,ch2_tmc_ndn_20220707T1134371845_d_oth_d32.zip,59.49988,60.857256,59.49988,62.584928,18.278838,60.857256,18.278838,62.584928
178,ch2_tmc_ndn_20191129T0602237470_d_oth_d18.zip,27.781936,-177.440097,27.781936,-176.801957,0.858091,-177.440097,0.858091,-176.801957
179,ch2_tmc_ndn_20220717T1831056842_d_oth_d18.zip,19.483667,-73.426686,19.483667,-72.097975,-35.553865,-73.426686,-35.553865,-72.097975
180,ch2_tmc_ndn_20220624T0408587936_d_oth_d32.zip,59.478496,-123.410248,59.478496,-121.669062,-19.673668,-123.410248,-19.673668,-121.669062
181,ch2_tmc_ndn_20200721T0107425799_d_oth_d32.zip,-30.65287,146.275304,-30.65287,147.770128,-59.016334,146.275304,-59.016334,147.770128
182,ch2_tmc_ndn_20210517T1111358595_d_oth_d18.zip,-85.585387,149.00401,-71.757178,101.877285,-63.715156,175.121597,-58.631884,145.96113
183,ch2_tmc_ndn_20211114T1617333024_d_oth_d18.zip,-89.094915,21.121956,-61.130897,88.359022,-86.697403,174.333886,-60.970676,96.364763
184,ch2_tmc_ndn_20200720T1121569340_d_oth_d32.zip,-30.608094,153.71853,-30.608094,155.232097,-58.989753,153.71853,-58.989753,155.232097
185,ch2_tmc_ndn_20211114T1039153763_d_oth_d18.zip,-16.031189,99.269958,-16.031189,100.596649,-46.505026,99.269958,-46.505026,100.596649
186,ch2_tmc_ndn_20210517T1712004436_d_oth_hw1.zip,-81.359191,144.651071,-77.067306,122.936084,-74.780577,160.901871,-72.033765,143.001989
187,ch2_tmc_ndn_20220718T0231336107_d_oth_d18.zip,-0.435711,-77.572008,-0.435711,-76.542734,-26.767845,-77.572008,-26.767845,-76.542734
188,ch2_tmc_ndn_20200706T1755015013_d_oth_d18.zip,63.860243,-26.065413,63.860243,-24.245624,52.519597,-26.065413,52.519597,-24.245624
189,ch2_tmc_ndn_20220109T0824167590_d_oth_d32.zip,-85.296048,-16.794319,-60.443887,81.424044,-88.249167,-129.044866,-60.741303,92.114186
190,ch2_tmc_ndn_20220724T0018097394_d_oth_d32.zip,59.308618,-157.189362,59.308618,-155.518411,33.379474,-157.189362,33.379474,-155.518411
191,ch2_tmc_ndn_20191222T1718431309_d_oth_cnb.zip,7.593253,-127.022959,7.593253,-126.481258,1.609979,-127.022959,1.609979,-126.481258
192,ch2_tmc_ndn_20211127T1936383269_d_oth_d18.zip,-31.8562,-78.183154,-31.8562,-76.267374,-59.803718,-78.183154,-59.803718,-76.267374
193,ch2_tmc_ndn_20220105T1146514851_d_oth_d18.zip,-3.060223,133.446612,-3.060223,134.882328,-59.829818,133.446612,-59.829818,134.882328
194,ch2_tmc_ndn_20220715T2106027065_d_oth_d32.zip,22.911675,-48.423263,22.911675,-47.546475,18.26437,-48.423263,18.26437,-47.546475
195,ch2_tmc_ndn_20210601T0709442938_d_oth_hw1.zip,-20.34268,-49.55679,-20.34268,-48.652481,-36.767118,-49.55679,-36.767118,-48.652481
196,ch2_tmc_ndn_20210512T1428354838_d_oth_hw1.zip,-49.353623,-150.749703,-49.353623,-149.155935,-61.99705,-150.749703,-61.99705,-149.155935
197,ch2_tmc_ndn_20191221T0601071304_d_oth_g26.zip,8.808358,-107.897081,8.808358,-107.267315,1.485451,-107.897081,1.485451,-107.267315
198,ch2_tmc_ndn_20220611T1728003709_d_oth_d32.zip,9.948992,41.76037,9.948992,42.635142,-31.62627,41.76037,-31.62627,42.635142
199,ch2_tmc_ndn_20191129T0800374115_d_oth_d18.zip,27.863097,-178.531018,27.863097,-177.898301,2.230034,-178.531018,2.230034,-177.898301
200,ch2_tmc_ndn_20191219T0500136311_d_oth_gds.zip,29.675923,-80.965064,29.675923,-79.864301,2.605673,-80.965064,2.605673,-79.864301
201,ch2_tmc_ndn_20210518T1455584831_d_oth_d18.zip,-86.757551,176.788116,-68.07273,98.389915,-72.851563,179.397287,-62.58778,128.194321
202,ch2_tmc_ndn_20220623T0442486954_d_oth_d32.zip,29.369316,-109.717371,29.369316,-108.425702,-27.059041,-109.717371,-27.059041,-108.425702
203,ch2_tmc_ndn_20220627T0317141869_d_oth_d32.zip,-0.399861,-162.4276,-0.399861,-160.999541,-26.909384,-162.4276,-26.909384,-160.999541
204,ch2_tmc_ndn_20210531T0528522041_d_oth_hw1.zip,-59.804525,-35.36904,-64.536617,-13.213865,-70.284604,-63.95197,-79.473116,-34.088418
205,ch2_tmc_ndn_20211115T1945316759_d_oth_d18.zip,-84.232658,23.395421,-59.895035,80.096866,-87.503837,66.642803,-60.30894,88.131732
206,ch2_tmc_ndn_20220628T0233067012_d_oth_d32.zip,59.637893,-173.803078,59.637893,-171.764392,33.107879,-173.803078,33.107879,-171.764392
207,ch2_tmc_ndn_20191202T0639511671_d_oth_d18.zip,27.728967,142.396168,27.728967,143.112068,0.846794,142.396168,0.846794,143.112068
208,ch2_tmc_ndn_20201122T1329344614_d_oth_d18.zip,29.25704,125.031273,29.25704,125.968512,0.201137,125.031273,0.201137,125.968512
209,ch2_tmc_ndn_20191201T0706462450_d_oth_d18.zip,27.962812,155.151666,27.962812,155.827656,1.240517,155.151666,1.240517,155.827656
210,ch2_tmc_ndn_20200712T2226057043_d_oth_d18.zip,-26.669758,-105.900902,-26.669758,-103.964277,-55.262199,-105.900902,-55.262199,-103.964277
211,ch2_tmc_ndn_20220627T0515152056_d_oth_d32.zip,-0.537578,-162.545288,-0.537578,-161.52494,-26.881116,-162.545288,-26.881116,-161.52494
212,ch2_tmc_ndn_20220720T1929479289_d_oth_d32.zip,29.559964,-113.696481,29.559964,-112.55969,-6.374478,-113.696481,-6.374478,-112.55969
213,ch2_tmc_ndn_20220716T2034569261_d_oth_d18.zip,59.367261,-62.217363,59.367261,-60.644494,45.020255,-62.217363,45.020255,-60.644494
214,ch2_tmc_ndn_20211111T1521391765_d_oth_d18.zip,-89.454517,-6.29738,-69.27094,88.517238,-67.792582,-179.847525,-59.96395,137.02734
215,ch2_tmc_ndn_20200714T1941272256_d_oth_d18.zip,-30.316234,-131.206099,-30.316234,-129.34547,-58.995748,-131.206099,-58.995748,-129.34547
216,ch2_tmc_ndn_20220620T2325574559_d_oth_d32.zip,59.753849,-81.471183,59.753849,-79.222691,-26.627422,-81.471183,-26.627422,-79.222691
217,ch2_tmc_ndn_20220627T0653129684_d_oth_d32.zip,59.611952,-163.745604,59.611952,-161.984875,23.080923,-163.745604,23.080923,-161.984875
218,ch2_tmc_ndn_20220530T0307541950_d_oth_d32.zip,-0.075188,-153.537506,-0.075188,-151.955789,-56.347725,-153.537506,-56.347725,-151.955789
219,ch2_tmc_ndn_20200204T1820552927_d_oth_g26.zip,-1.875765,11.689744,-1.875765,12.337525,-29.471718,11.689744,-29.471718,12.337525
220,ch2_tmc_ndn_20200620T0008528614_d_oth_d18.zip,60.755172,-165.134725,60.755172,-163.662585,32.040388,-165.134725,32.040388,-163.662585
221,ch2_tmc_ndn_20220103T0225349470_d_oth_d18.zip,-2.888432,165.351884,-2.888432,166.573928,-60.16279,165.351884,-60.16279,166.573928
222,ch2_tmc_ndn_20210531T0515421004_d_oth_hw1.zip,-20.311492,-35.663618,-20.311492,-34.756259,-34.599148,-35.663618,-34.599148,-34.756259
223,ch2_tmc_ndn_20211215T1123225348_d_oth_d32.zip,12.438982,50.659358,12.438982,51.544874,-29.99658,50.659358,-29.99658,51.544874
224,ch2_tmc_ndn_20200108T0006239646_d_oth_mad.zip,2.753781,17.687372,2.753781,18.408866,-24.488483,17.687372,-24.488483,18.408866
225,ch2_tmc_ndn_20220511T0809312081_d_oth_d18.zip,58.815521,93.443546,58.815521,95.518507,7.835085,93.443546,7.835085,95.518507
226,ch2_tmc_ndn_20191207T1040107224_d_oth_d18.zip,28.532754,74.482527,28.532754,75.641762,1.631485,74.482527,1.631485,75.641762
227,ch2_tmc_ndn_20211227T0059566001_d_oth_d18.zip,-2.899617,-103.627436,-2.899617,-101.311132,-60.198121,-103.627436,-60.198121,-101.311132
228,ch2_tmc_ndn_20210513T0223433503_d_oth_d18.zip,-74.640132,-124.664729,-80.556612,-158.205768,-59.17282,-156.269274,-61.471756,-173.069376
229,ch2_tmc_ndn_20191217T0003263102_d_oth_d18.zip,29.076443,-51.765606,29.076443,-50.909734,1.554635,-51.765606,1.554635,-50.909734
230,ch2_tmc_ndn_20200609T1956387174_d_oth_d18.zip,60.138659,-30.948963,60.138659,-29.466015,31.39701,-30.948963,31.39701,-29.466015
231,ch2_tmc_ndn_20220723T0037194138_d_oth_d32.zip,59.168143,-144.821347,59.168143,-142.945667,33.423658,-144.821347,33.423658,-142.945667
232,ch2_tmc_ndn_20211117T1110241429_d_oth_d18.zip,-75.616218,-4.573313,-62.536567,59.009736,-88.355326,-135.501095,-66.312426,92.799061
233,ch2_tmc_ndn_20220623T0036439306_d_oth_d32.zip,59.498997,-108.488007,59.498997,-106.429375,-7.049709,-108.488007,-7.049709,-106.429375
234,ch2_tmc_ndn_20200708T2320352233_d_oth_d18.zip,59.233328,-55.89045,59.233328,-53.956074,31.120921,-55.89045,31.120921,-53.956074
235,ch2_tmc_ndn_20220625T0207153430_d_oth_d32.zip,-0.374536,-135.058538,-0.374536,-133.81156,-26.954694,-135.058538,-26.954694,-133.81156
236,ch2_tmc_ndn_20200804T1310425663_d_oth_d18.zip,-30.644497,-44.520458,-30.644497,-43.241276,-54.89943,-44.520458,-54.89943,-43.241276
237,ch2_tmc_ndn_20191128T1024372470_d_oth_d18.zip,27.657362,-166.653485,27.657362,-166.019862,0.67297,-166.653485,0.67297,-166.019862
238,ch2_tmc_ndn_20220803T0526153423_d_oth_d18.zip,28.381688,69.113133,28.381688,70.229177,12.597963,69.113133,12.597963,70.229177
239,ch2_tmc_ndn_20200607T1842575252_d_oth_d18.zip,59.883142,-3.657104,59.883142,-2.245366,31.062915,-3.657104,31.062915,-2.245366
240,ch2_tmc_ndn_20220622T0100261715_d_oth_d32.zip,59.463502,-94.459476,59.463502,-92.88892,33.127523,-94.459476,33.127523,-92.88892
241,ch2_tmc_ndn_20200725T1119206674_d_oth_d18.zip,-30.779193,88.429209,-30.779193,90.753961,-59.154123,88.429209,-59.154123,90.753961
242,ch2_tmc_ndn_20211225T1935192015_d_oth_d18.zip,-5.707002,-86.10299,-5.707002,-85.061969,-33.463467,-86.10299,-33.463467,-85.061969
243,ch2_tmc_ndn_20210516T1326375466_d_oth_d18.zip,-85.714791,161.670919,-77.224801,108.497654,-61.181805,177.374233,-58.95161,157.520728
244,ch2_tmc_ndn_20220608T0833103520_d_oth_d32.zip,59.832908,84.185973,59.832908,86.721842,-26.717194,84.185973,-26.717194,86.721842
245,ch2_tmc_ndn_20220110T1154169263_d_oth_d32.zip,-77.971363,-6.141009,-60.269473,66.746454,-88.25428,-132.29343,-62.568174,92.408418
246,ch2_tmc_ndn_20191213T2133547852_d_oth_d18.zip,28.683666,-10.815562,28.683666,-10.160532,1.818423,-10.815562,1.818423,-10.160532
247,ch2_tmc_ndn_20200527T0859584815_d_oth_d18.zip,59.226864,146.860824,59.226864,148.02062,31.862731,146.860824,31.862731,148.02062
248,ch2_tmc_ndn_20210517T0714186901_d_oth_d18.zip,-80.993159,149.747069,-71.42653,114.590333,-62.902977,170.518624,-58.671965,147.965753
249,ch2_tmc_ndn_20191216T0627459222_d_oth_g26.zip,17.347128,-42.000995,17.347128,-41.384319,10.410706,-42.000995,10.410706,-41.384319
250,ch2_tmc_ndn_20200628T0704222211_d_oth_d18.zip,60.137731,83.778716,60.137731,86.203475,31.580101,83.778716,31.580101,86.203475
251,ch2_tmc_ndn_20200718T0814401127_d_oth_d18.zip,-30.931844,-178.385982,-30.931844,-176.90583,-59.236085,-178.385982,-59.236085,-176.90583
252,ch2_tmc_ndn_20220801T0747415174_d_oth_d18.zip,28.267135,94.131166,28.267135,95.372523,-1.491508,94.131166,-1.491508,95.372523
253,ch2_tmc_ndn_20210515T0550183574_d_oth_d18.zip,-81.874375,178.571587,-81.53523,163.638136,-65.127165,179.539848,-65.020398,174.598108
254,ch2_tmc_ndn_20220624T0033035216_d_oth_d32.zip,-0.432828,-120.311881,-0.432828,-119.423867,-26.938154,-120.311881,-26.938154,-119.423867
255,ch2_tmc_ndn_20200126T0025369991_d_oth_d18.zip,-3.681368,140.350954,-3.681368,141.133174,-30.90743,140.350954,-30.90743,141.133174
256,ch2_tmc_ndn_20220622T0258238857_d_oth_d32.zip,59.575223,-96.748686,59.575223,-94.275997,-26.97585,-96.748686,-26.97585,-94.275997
257,ch2_tmc_ndn_20200725T1515214084_d_oth_d18.zip,-30.811911,86.278697,-30.811911,88.624105,-59.10798,86.278697,-59.10798,88.624105
258,ch2_tmc_ndn_20220607T0906549871_d_oth_d32.zip,29.716411,96.391239,29.716411,99.364113,-56.911682,96.391239,-56.911682,99.364113
259,ch2_tmc_ndn_20220706T0756306248_d_oth_d32.zip,59.463486,76.748814,59.463486,78.325742,33.176902,76.748814,33.176902,78.325742
260,ch2_tmc_ndn_20210524T1311568462_d_oth_d18.zip,-69.722962,22.695011,-58.848084,53.700852,-80.646738,57.485605,-64.215492,78.920946
261,ch2_tmc_ndn_20220604T0546183712_d_oth_d32.zip,59.958589,139.949903,59.958589,141.579345,-26.464262,139.949903,-26.464262,141.579345
262,ch2_tmc_ndn_20200710T2315124291_d_oth_d18.zip,-30.543084,-79.838403,-30.543084,-77.667144,-59.324349,-79.838403,-59.324349,-77.667144
263,ch2_tmc_ndn_20200719T0354357006_d_oth_d32.zip,-31.014513,171.053174,-31.014513,172.552729,-59.375038,171.053174,-59.375038,172.552729
264,ch2_tmc_ndn_20220605T0733298507_d_oth_d32.zip,59.983071,125.246215,59.983071,126.776235,-26.319459,125.246215,-26.319459,126.776235
265,ch2_tmc_ndn_20220106T0540458467_d_oth_d32.zip,-13.177533,123.177057,-13.177533,124.714923,-59.598123,123.177057,-59.598123,124.714923
266,ch2_tmc_ndn_20220603T0558165626_d_oth_d32.zip,59.846768,153.112206,59.846768,155.0199,-19.927826,153.112206,-19.927826,155.0199
267,ch2_tmc_ndn_20200209T0032589097_d_oth_gds.zip,-27.652385,-44.29905,-27.652385,-43.583982,-30.417448,-44.29905,-30.417448,-43.583982
268,ch2_tmc_ndn_20210516T0730466925_d_oth_d18.zip,-84.722045,164.928711,-78.470194,116.159013,-60.763551,177.365199,-59.154051,160.815843
269,ch2_tmc_ndn_20220718T0013016367_d_oth_d18.zip,59.498006,-77.705596,59.498006,-75.715476,3.309813,-77.705596,3.309813,-75.715476
270,ch2_tmc_ndn_20200615T1942454760_d_oth_d18.zip,59.836573,-111.2041,59.836573,-108.877296,31.181061,-111.2041,31.181061,-108.877296
271,ch2_tmc_ndn_20200207T0716469418_d_oth_d18.zip,-2.628832,-21.322166,-2.628832,-20.618496,-29.921022,-21.322166,-29.921022,-20.618496
272,ch2_tmc_ndn_20210530T0513191850_d_oth_hw1.zip,-20.351022,-22.596987,-20.351022,-21.672605,-34.302333,-22.596987,-34.302333,-21.672605
273,ch2_tmc_ndn_20200727T0635146893_d_oth_d18.zip,-30.678587,64.583216,-30.678587,66.724167,-58.815965,64.583216,-58.815965,66.724167
274,ch2_tmc_ndn_20200711T0113133860_d_oth_d18.zip,-30.526693,-80.920571,-30.526693,-78.731986,-59.373085,-80.920571,-59.373085,-78.731986
275,ch2_tmc_ndn_20200729T1140552399_d_oth_d18.zip,-30.377696,35.557895,-30.377696,37.083975,-58.634572,35.557895,-58.634572,37.083975
276,ch2_tmc_ndn_20200725T0723191760_d_oth_d18.zip,-30.719786,90.590734,-30.719786,92.891145,-59.045451,90.590734,-59.045451,92.891145
277,ch2_tmc_ndn_20200131T1010006367_d_oth_d18.zip,-3.073629,68.826246,-3.073629,69.929947,-30.761236,68.826246,-30.761236,69.929947
278,ch2_tmc_ndn_20220708T1512532546_d_oth_d32.zip,59.414971,46.220332,59.414971,47.721799,37.524643,46.220332,37.524643,47.721799
279,ch2_tmc_ndn_20201126T1808573675_d_oth_d32.zip,-6.339161,69.115808,-6.339161,70.200658,-28.394395,69.115808,-28.394395,70.200658
280,ch2_tmc_ndn_20200620T0801247846_d_oth_d18.zip,60.939769,-169.516412,60.939769,-168.040661,32.127921,-169.516412,32.127921,-168.040661
281,ch2_tmc_ndn_20201122T0735452124_d_oth_d18.zip,29.249005,128.243157,29.249005,129.137757,0.092537,128.243157,0.092537,129.137757
282,ch2_tmc_ndn_20220709T1652316028_d_oth_d32.zip,59.466685,33.022716,59.466685,34.516217,18.220254,33.022716,18.220254,34.516217
283,ch2_tmc_ndn_20220728T0110084987_d_oth_d32.zip,28.417678,150.890222,28.417678,152.330184,-27.67968,150.890222,-27.67968,152.330184
284,ch2_tmc_ndn_20200720T0132068182_d_oth_d18.zip,-30.639138,159.162057,-30.639138,160.673976,-58.864888,159.162057,-58.864888,160.673976
285,ch2_tmc_ndn_20220614T1757268997_d_oth_d32.zip,59.826719,2.079604,59.826719,3.654769,24.237008,2.079604,24.237008,3.654769
286,ch2_tmc_ndn_20211226T2103295074_d_oth_d18.zip,-2.783023,-101.430188,-2.783023,-99.133716,-60.183325,-101.430188,-60.183325,-99.133716
287,ch2_tmc_ndn_20220524T0022547922_d_oth_d18.zip,-0.547656,-71.577316,-0.547656,-69.810826,-57.23613,-71.577316,-57.23613,-69.810826
288,ch2_tmc_ndn_20220619T1953327619_d_oth_d32.zip,59.992706,-66.126173,59.992706,-64.194311,-26.627929,-66.126173,-26.627929,-64.194311
289,ch2_tmc_ndn_20200703T1535027868_d_oth_d18.zip,-26.701706,15.948056,-26.701706,16.957366,-38.123217,15.948056,-38.123217,16.957366
290,ch2_tmc_ndn_20211111T1322553940_d_oth_d18.zip,-89.500846,-6.247988,-71.135733,88.506125,-69.037448,-179.853145,-62.072933,138.085507
291,ch2_tmc_ndn_20191201T0904339041_d_oth_d18.zip,27.995363,154.066234,27.995363,154.766276,1.32045,154.066234,1.32045,154.766276
292,ch2_tmc_ndn_20200724T0747179769_d_oth_d18.zip,-30.581464,103.526077,-30.581464,105.717958,-58.976182,103.526077,-58.976182,105.717958
293,ch2_tmc_ndn_20220702T1337449598_d_oth_d32.zip,-30.474953,125.768423,-30.474953,127.161212,-56.91943,125.768423,-56.91943,127.161212
